0.08 1 0.904474 1.22731 0.470729 739 4216 62
0.08 1 0.89285 1.41044 0.494256 871 4340 49
0.08 1 0.893087 1.32645 0.512035 798 4363 47
0.08 1 0.897586 1.23081 0.520396 728 4228 54
0.08 1 0.899196 1.23548 0.459363 730 4177 73
0.08 1 0.892071 1.23664 0.482615 734 4364 61
0.08 1 0.902539 1.23664 0.509701 733 4372 47
0.08 1 0.898003 1.22965 0.52395 735 4492 51
0.08 1 0.90078 1.24364 0.477637 742 4212 51
0.08 1 0.90145 1.23198 0.510474 737 4345 54
0.08 1 0.892607 1.34628 0.536935 804 4181 66
0.08 1 0.894768 1.22264 0.514359 727 4333 46
0.08 1 0.904734 1.35678 0.534244 840 4317 48
0.08 1 0.889988 1.23781 0.473328 733 4198 66
0.08 1 0.893998 1.23081 0.462914 721 4159 66
0.08 1 0.896518 1.22381 0.468794 714 4251 51
0.08 1 0.898202 1.23548 0.527008 739 4301 66
0.08 1 0.911338 1.31479 0.561775 795 4445 37
0.08 1 0.899355 1.36261 0.492798 837 4334 61
0.08 1 0.887316 1.24248 0.499742 727 4221 64
0.08 1 0.888846 1.23081 0.440482 728 4155 75
0.08 1 0.882775 1.24131 0.455357 727 4251 61
0.08 1 0.886271 1.22847 0.531212 720 4393 54
0.08 1 0.898747 1.37311 0.551337 823 4370 50
0.08 1 0.897411 1.43144 0.589592 882 4491 40
0.08 1 0.896276 1.26814 0.493315 763 4271 53
0.08 1 0.888048 1.23781 0.486825 733 4235 51
0.08 1 0.894399 1.23081 0.547748 733 4307 48
0.08 1 0.90521 1.22614 0.522444 745 4411 43
0.08 1 0.896984 1.36961 0.528136 850 4409 41
0.08 1 0.90936 1.30546 0.557447 801 4485 55
0.08 1 0.901138 1.23548 0.488509 736 4430 58
0.08 1 0.903257 1.71603 0.585801 1116 4287 45
0.08 1 0.893213 1.44659 0.54493 892 4334 45
0.08 1 0.904566 1.22614 0.49614 737 4483 54
0.08 1 0.897947 1.22498 0.481971 731 4317 55
0.08 1 0.907261 1.32296 0.570556 826 4517 45
0.08 1 0.904566 1.31595 0.517132 801 4395 49
0.08 1 0.90351 1.36611 0.524593 851 4229 57
0.08 1 0.899844 1.23431 0.486267 736 4265 60
0.08 1 0.898537 1.22964 0.505589 741 4299 52
0.08 1 0.891131 1.23781 0.45054 725 4220 55
0.08 1 0.891414 1.23548 0.471035 732 4217 52
0.08 1 0.89486 1.22497 0.481344 724 4170 58
0.08 1 0.887834 1.21915 0.477396 714 4234 58
0.08 1 0.905816 1.22964 0.444204 731 4212 64
0.08 1 0.898378 1.47692 0.558587 920 4314 58
0.08 1 0.897632 1.21565 0.481695 714 4383 52
0.08 1 0.905546 1.2798 0.533396 787 4315 50
0.08 1 0.899235 1.2378 0.524635 743 4440 51
0.08 1 0.89445 1.22381 0.487115 725 4274 63
0.08 1 0.898275 1.31479 0.533527 800 4338 60
0.08 1 0.896008 1.32529 0.520872 802 4287 57
0.08 1 0.895813 1.22264 0.492469 726 4235 54
0.08 1 0.902764 1.71253 0.600064 1096 4396 39
0.08 1 0.904883 1.44426 0.595793 887 4405 45
0.08 1 0.888412 1.24247 0.507786 734 4396 62
0.08 1 0.894942 1.30196 0.538616 776 4419 41
0.08 1 0.890029 1.04069 0.489618 573 4331 56
0.08 1 0.895622 1.32879 0.536718 793 4380 51
0.08 1 0.899201 1.22148 0.47556 719 4379 65
0.08 1 0.889126 1.25181 0.519707 740 4212 61
0.08 1 0.898727 1.36262 0.581369 823 4366 46
0.08 1 0.899179 1.26814 0.553191 755 4295 53
0.08 1 0.889512 1.24248 0.522848 737 4258 50
0.08 1 0.895272 1.32879 0.48402 806 4282 59
0.08 1 0.904855 1.33929 0.578767 811 4385 41
0.08 1 0.905889 1.26697 0.501151 758 4208 59
0.08 1 0.896045 1.33346 0.571195 797 4485 46
0.08 1 0.901073 1.22031 0.470163 724 4138 64
0.08 1 0.898769 1.87817 0.628256 1217 4370 53
0.08 1 0.897527 1.23431 0.468986 742 4466 62
0.08 1 0.898239 1.23081 0.528481 746 4360 54
0.08 1 0.87942 1.23664 0.48096 725 4136 55
0.08 1 0.898511 0.96954 0.471512 519 4492 51
0.08 1 0.899276 1.23314 0.500284 739 4289 53
0.08 1 0.892496 1.2623 0.516312 742 4158 71
0.08 1 0.887505 1.2623 0.525867 736 4343 62
0.08 1 0.889758 1.22615 0.476938 723 4333 55
0.08 1 0.89912 1.25997 0.542619 743 4317 59
0.08 1 0.905387 1.25064 0.500877 753 4202 58
0.08 1 0.902954 1.20982 0.562852 728 4402 42
0.08 1 0.890159 1.22964 0.46463 718 4134 71
0.08 1 0.906367 1.53991 0.588785 980 4716 32
0.08 1 0.901704 0.97654 0.487829 532 4514 46
0.08 1 0.895157 1.24131 0.488516 735 4257 50
0.08 1 0.894511 1.28913 0.478791 772 4167 69
0.08 1 0.898692 1.3008 0.51195 792 4289 53
0.08 1 0.891987 1.22965 0.494738 725 4468 47
0.08 1 0.905379 1.54108 0.558802 966 4293 51
0.08 1 0.908197 1.22965 0.555198 735 4466 39
0.08 1 0.910665 1.38478 0.541727 865 4374 53
0.08 1 0.890771 1.39877 0.536401 856 4258 49
0.08 1 0.894624 1.23198 0.476482 731 4188 59
0.08 1 0.900078 1.24714 0.531019 734 4236 56
0.08 1 0.896296 1.35095 0.510479 824 4364 58
0.08 1 0.896256 1.41277 0.547776 858 4253 59
0.08 1 0.900742 1.24364 0.460698 739 4261 71
0.08 1 0.908912 1.62039 0.586386 1038 4379 46
0.08 1 0.892523 1.22264 0.474921 718 4289 60
0.08 1 0.89589 1.2518 0.552811 749 4278 40
0.08 1 0.892962 1.35679 0.542026 833 4375 49
0.08 1 0.888564 1.24131 0.5144 739 4438 47
0.08 1 0.903314 1.23197 0.488195 741 4391 48
0.08 1 0.90092 1.4081 0.497036 875 4251 58
0.08 1 0.900936 0.97304 0.458573 523 4327 50
0.08 1 0.890725 1.36145 0.492751 832 4287 60
0.08 1 0.901527 1.22731 0.512848 738 4351 63
0.08 1 0.903131 1.28097 0.478029 759 4313 61
0.08 1 0.89531 1.22498 0.450045 721 4229 65
0.08 1 0.897776 1.43377 0.559197 889 4260 52
0.08 1 0.898103 1.23197 0.479555 737 4326 56
0.08 1 0.9017 1.29147 0.509063 765 4241 58
0.08 1 0.899764 1.37894 0.579407 822 4526 35
0.08 1 0.896437 1.22848 0.514395 743 4460 52
0.08 1 0.891372 1.21448 0.507359 717 4252 52
0.08 1 0.894143 1.24015 0.4666 734 4299 58
0.08 1 0.901588 1.24131 0.507218 747 4303 54
0.08 1 0.892033 1.39177 0.489759 849 4105 67
0.08 1 0.889986 1.23314 0.481507 721 4166 66
0.08 1 0.885604 1.31596 0.521308 773 4185 60
0.08 1 0.896754 1.31246 0.488609 788 4176 61
0.08 1 0.898031 1.36378 0.524081 823 4348 54
0.08 1 0.901411 1.43493 0.552636 874 4461 52
0.08 1 0.905115 1.21798 0.525944 724 4299 46
0.08 1 0.904435 1.35095 0.532694 845 4331 46
0.08 1 0.907918 1.22614 0.517852 724 4189 55
0.08 1 0.903659 1.25297 0.525011 743 4153 42
0.08 1 0.895024 1.22265 0.469053 723 4353 65
0.08 1 0.90752 1.36144 0.559984 832 4390 51
0.08 1 0.894347 1.2903 0.506172 759 4192 67
0.08 1 0.904305 1.24597 0.545817 744 4504 41
0.08 1 0.900334 1.25647 0.519221 747 4429 43
0.08 1 0.892641 1.22265 0.482624 729 4467 51
0.08 1 0.898491 1.31829 0.544721 801 4289 49
0.08 1 0.889946 1.24364 0.504127 736 4253 60
0.08 1 0.904846 1.59706 0.626501 1003 4497 46
0.08 1 0.896633 1.22498 0.513032 734 4488 48
0.08 1 0.897785 1.22032 0.460842 726 4122 55
0.08 1 0.896397 1.21331 0.455723 717 4370 59
0.08 1 0.901976 1.23431 0.452958 729 4277 58
0.08 1 0.897315 1.21915 0.54369 726 4319 61
0.08 1 0.901807 1.41861 0.632798 860 4506 31
0.08 1 0.898551 1.28097 0.50985 771 4341 52
0.08 1 0.900332 1.32296 0.528065 798 4246 62
0.08 1 0.893326 1.45126 0.540559 907 4487 48
0.08 1 0.899591 1.24131 0.51673 742 4248 52
0.08 1 0.906656 1.28913 0.549743 789 4335 44
0.08 1 0.896094 1.28796 0.479931 772 4338 59
0.08 1 0.891676 1.37895 0.527935 840 4317 48
0.08 1 0.895906 1.23198 0.472093 730 4064 69
0.08 1 0.893253 1.01036 0.433728 565 4219 63
0.08 1 0.904799 2.13244 0.750967 1423 4374 43
0.08 1 0.901288 1.22965 0.447397 727 4094 74
0.08 1 0.904753 1.22148 0.485607 730 4232 51
0.08 1 0.907208 1.23198 0.481239 736 4277 50
0.08 1 0.904724 1.27397 0.544516 763 4444 44
0.08 1 0.899335 1.23314 0.504542 737 4263 58
0.08 1 0.882376 1.28564 0.47281 751 4005 64
0.08 1 0.895098 0.97886 0.496094 523 4393 46
0.08 1 0.88917 1.23081 0.534171 729 4370 57
0.08 1 0.894901 1.22615 0.511273 735 4358 54
0.08 1 0.910809 1.23081 0.492006 739 4482 44
0.08 1 0.904753 1.31829 0.558826 798 4347 43
0.08 1 0.903301 1.24014 0.480016 745 4325 53
0.08 1 0.901293 1.22848 0.508523 731 4414 57
0.08 1 0.89292 1.2483 0.487557 742 4355 65
0.08 1 0.899804 1.22615 0.503949 728 4388 57
0.08 1 0.8936 1.22731 0.477369 727 4326 53
0.08 1 0.901312 1.24831 0.479744 756 4248 59
0.08 1 0.908858 1.86766 0.65037 1229 4439 41
0.08 1 0.908179 1.41743 0.553606 881 4288 51
0.08 1 0.888006 1.24714 0.48819 734 4173 64
0.08 1 0.890206 1.23314 0.480092 727 4219 72
0.08 1 0.891981 1.28563 0.560043 752 4212 60
0.08 1 0.894131 1.37662 0.484566 836 4214 70
0.08 1 0.908824 1.23081 0.488932 743 4422 60
0.08 1 0.903402 1.32645 0.51803 798 4204 49
0.08 1 0.901884 1.23315 0.511259 741 4391 52
0.08 1 0.907316 1.21215 0.543661 727 4620 34
0.08 1 0.891164 1.4396 0.546979 905 4415 49
0.08 1 0.892676 1.23314 0.467703 732 4337 55
0.08 1 0.898154 1.24014 0.457213 736 4145 60
0.08 1 0.907487 1.37661 0.529763 838 4187 58
0.08 1 0.898246 1.23198 0.454365 737 4140 51
0.08 1 0.894911 1.22498 0.508682 724 4292 49
0.08 1 0.905868 1.50141 0.601096 939 4329 50
0.08 1 0.902949 1.29379 0.506092 776 4393 53
0.08 1 0.909127 1.25181 0.549407 738 4597 30
0.08 1 0.90221 1.24014 0.533023 742 4417 62
0.08 1 0.906722 1.36378 0.570452 829 4352 51
0.08 1 0.902924 1.24364 0.476129 738 4242 50
0.08 1 0.898494 1.24948 0.479722 744 4206 64
0.08 1 0.903093 1.41161 0.564409 889 4403 38
0.08 1 0.918259 1.22032 0.519224 739 4443 44
0.08 1 0.899238 1.37311 0.524006 848 4324 49
0.08 1 0.890223 1.42443 0.546753 872 4228 58
0.08 1 0.905098 1.27747 0.576967 758 4489 37
0.08 1 0.900661 1.23198 0.492738 739 4283 52
0.08 1 0.890898 1.24014 0.483658 724 4387 44
0.08 1 0.909055 1.23198 0.497573 740 4374 52
0.08 1 0.905705 0.9812 0.492363 531 4395 50
0.08 1 0.894203 1.1235 0.513527 630 4367 51
0.08 1 0.896149 1.26231 0.514411 743 4221 58
0.08 1 0.88669 1.30779 0.469702 775 4218 63
0.08 1 0.902909 1.25764 0.524224 757 4319 53
0.08 1 0.906207 1.38594 0.532949 854 4390 48
0.08 1 0.892544 1.05701 0.462699 596 4389 56
0.08 1 0.892511 1.23432 0.451666 725 4068 55
0.08 1 0.907926 1.23197 0.579929 740 4600 35
0.08 1 0.901582 1.24131 0.481533 735 4308 54
0.08 1 0.90796 1.60056 0.618282 1011 4581 45
0.08 1 0.894829 1.34278 0.493856 816 4341 55
0.08 1 0.889298 1.32529 0.486128 800 4182 75
0.08 1 0.895589 1.3976 0.551061 838 4369 52
0.08 1 0.893774 1.21565 0.478001 719 4300 56
0.08 1 0.900508 1.62855 0.596091 1054 4378 49
0.08 1 0.894152 1.22848 0.485068 727 4333 64
0.08 1 0.895415 1.47226 0.588868 921 4337 47
0.08 1 0.895004 0.97653 0.483435 522 4313 52
0.08 1 0.896431 1.23898 0.517441 739 4382 49
0.08 1 0.897852 1.27397 0.53209 757 4105 74
0.08 1 0.896403 1.27397 0.497546 769 4251 52
0.08 1 0.904195 1.23664 0.490502 742 4243 56
0.08 1 0.894328 1.34745 0.486153 822 4178 49
0.08 1 0.90002 1.4116 0.513031 881 4317 54
0.08 1 0.899375 1.4256 0.529737 880 4346 52
0.08 1 0.907732 1.21682 0.4998 737 4423 56
0.08 1 0.896322 1.22615 0.546383 729 4422 52
0.08 1 0.893592 1.24247 0.490246 739 4114 66
0.08 1 0.898047 1.22382 0.513353 730 4301 47
0.08 1 0.901861 1.22265 0.45244 729 4270 45
0.08 1 0.894418 1.30429 0.543501 794 4339 48
0.08 1 0.911392 1.96565 0.818486 1294 4669 26
0.08 1 0.900683 1.23198 0.5205 742 4247 55
0.08 1 0.89217 1.22731 0.461592 718 4097 76
0.08 1 0.901623 1.2973 0.551452 787 4255 56
0.08 1 0.900177 1.30312 0.557762 785 4382 41
0.08 1 0.908894 1.22965 0.501259 742 4327 48
0.08 1 0.902034 1.22615 0.505481 739 4437 49
0.08 1 0.895221 1.22964 0.500933 733 4381 54
0.08 1 0.895764 1.38478 0.53526 855 4385 48
0.08 1 0.90893 1.36028 0.573604 827 4407 50
0.08 1 0.899257 1.22847 0.55567 745 4466 48
0.08 1 0.897967 1.22614 0.515669 736 4247 53
0.08 1 0.899045 1.2833 0.507313 777 4285 64
0.08 1 0.902979 1.22964 0.530122 740 4413 44
0.08 1 0.905025 1.50258 0.612855 963 4531 44
0.08 1 0.887422 1.23664 0.468823 729 4244 59
0.08 1 0.888051 1.32063 0.538188 789 4236 54
0.08 1 0.899863 1.93066 0.625431 1262 4299 54
0.08 1 0.90679 1.23781 0.516893 732 4356 53
0.08 1 0.900157 1.30313 0.537523 775 4382 42
0.08 1 0.89589 1.22614 0.494198 729 4426 65
0.08 1 0.907418 1.42676 0.556122 886 4388 41
0.08 1 0.895188 1.24831 0.498864 750 4249 57
0.08 1 0.890555 1.28796 0.487495 764 4060 68
0.08 1 0.90952 1.24598 0.519785 740 4410 50
0.08 1 0.904193 1.29613 0.553168 774 4176 48
0.08 1 0.899453 1.23081 0.517231 733 4084 69
0.08 1 0.884376 1.28563 0.579852 765 4463 41
0.08 1 0.900822 1.32995 0.573954 793 4232 52
0.08 1 0.898593 1.31479 0.542991 786 4249 51
0.08 1 0.890336 1.22965 0.490596 723 4279 62
0.08 1 0.904501 1.22964 0.468694 734 4195 65
0.08 1 0.894317 1.55274 0.518235 989 4200 64
0.08 1 0.901367 0.9882 0.469665 537 4316 50
0.08 1 0.905022 1.30896 0.477943 796 4178 54
0.08 1 0.905712 1.23781 0.50836 745 4182 55
0.08 1 0.898964 1.29846 0.540328 773 4338 55
0.08 1 0.891576 1.25181 0.45194 743 4238 65
0.08 1 0.903887 1.23198 0.489276 733 4228 67
0.08 1 0.901461 1.28447 0.513604 768 4264 55
0.08 1 0.903124 1.23314 0.494214 742 4418 43
0.08 1 0.90327 1.79419 0.651275 1153 4297 52
0.08 1 0.891397 1.35795 0.575221 822 4304 50
0.08 1 0.910163 1.01037 0.49476 560 4387 48
0.08 1 0.904249 1.34746 0.496276 822 4255 62
0.08 1 0.891241 1.2728 0.562313 750 4204 67
0.08 1 0.894645 1.28796 0.473581 764 4252 60
0.08 1 0.902501 1.29963 0.553305 777 4423 43
0.08 1 0.895923 1.23431 0.473522 726 4348 61
0.08 1 0.899453 1.24948 0.504622 741 4305 52
0.08 1 0.890294 1.32412 0.495617 796 4210 57
0.08 1 0.906544 1.33929 0.501984 822 4200 53
0.08 1 0.896344 1.21449 0.514023 714 4254 57
0.08 1 0.910073 1.27047 0.520642 756 4306 54
0.08 1 0.901739 1.23781 0.522999 728 4365 47
0.08 1 0.893954 1.3043 0.524022 775 4379 48
0.08 1 0.89554 1.37428 0.602069 828 4365 57
0.08 1 0.890054 1.24247 0.475211 731 4190 58
0.08 1 0.908044 1.34745 0.481891 824 4205 60
0.08 1 0.897612 1.27164 0.552028 752 4373 44
0.08 1 0.895947 1.24714 0.490506 738 4212 63
0.08 1 0.89625 1.31013 0.538167 785 4185 48
0.08 1 0.908445 1.46176 0.608511 905 4677 27
0.08 1 0.911638 1.28679 0.521674 781 4298 52
0.08 1 0.89924 1.40693 0.56854 863 4145 57
0.08 1 0.892191 1.22732 0.464155 720 4316 68
0.08 1 0.89317 1.23664 0.484932 734 4165 53
0.08 1 0.90241 1.35445 0.517618 831 4215 59
0.08 1 0.904715 1.3008 0.513218 792 4391 59
0.08 1 0.898784 1.59123 0.593851 996 4545 45
0.08 1 0.900429 1.2798 0.460768 765 3919 70
0.08 1 0.886668 1.34978 0.540117 811 4352 52
0.08 1 0.904426 1.25414 0.518313 745 4364 43
0.08 1 0.904725 1.22031 0.517701 729 4440 52
0.08 1 0.905013 1.22964 0.452226 737 4026 73
0.08 1 0.902315 1.33112 0.584451 806 4598 34
0.08 1 0.890031 1.2378 0.518113 733 4363 57
0.08 1 0.900176 1.2483 0.585163 747 4263 45
0.08 1 0.89635 0.95554 0.484986 517 4388 43
0.08 1 0.905583 1.26231 0.502519 765 4299 55
0.08 1 0.904091 1.35328 0.498658 826 4257 58
0.08 1 0.901329 1.36262 0.536679 838 4342 42
0.08 1 0.896056 1.28563 0.489892 771 4234 58
0.08 1 0.902061 1.31363 0.559218 801 4445 45
0.08 1 0.90274 1.31013 0.537112 800 4251 48
0.08 1 0.902515 1.22265 0.516866 736 4385 48
0.08 1 0.90356 1.08268 0.516659 612 4328 47
0.08 1 0.885963 1.23897 0.46608 727 4200 73
0.08 1 0.896714 1.58189 0.572936 1004 4457 45
0.08 1 0.902291 1.44776 0.490493 900 4227 53
0.08 1 0.904734 1.22498 0.513721 728 4368 53
0.08 1 0.898503 1.26697 0.439161 758 4173 70
0.08 1 0.895557 1.56441 0.531796 986 4345 53
0.08 1 0.891646 1.24947 0.452488 732 4035 82
0.08 1 0.90657 1.2938 0.544377 792 4380 57
0.08 1 0.907036 1.29263 0.577735 796 4381 47
0.08 1 0.894205 1.23314 0.473841 734 4332 65
0.08 1 0.902206 1.34045 0.545343 813 4280 38
0.08 1 0.891245 1.23897 0.490084 731 4363 59
0.08 1 0.897561 1.33579 0.568951 793 4346 57
0.08 1 0.889732 1.29613 0.495017 775 4210 74
0.08 1 0.90322 1.29146 0.52862 784 4231 51
0.08 1 0.896726 1.22615 0.468661 728 4132 61
0.08 1 0.895086 1.23315 0.478912 728 4225 74
0.08 1 0.895342 1.30313 0.507955 777 4290 57
0.08 1 0.906428 1.2483 0.538997 759 4480 52
0.08 1 0.907245 1.29497 0.547772 783 4075 50
0.08 1 0.900955 1.2448 0.495533 739 4347 48
0.08 1 0.886289 1.24014 0.482186 729 4186 56
0.08 1 0.899296 1.22148 0.554472 732 4394 42
0.08 1 0.896215 1.23548 0.48571 732 4389 58
0.08 1 0.908716 1.34862 0.547627 822 4386 48
0.08 1 0.907931 1.31246 0.52841 810 4402 51
0.08 1 0.908145 1.32296 0.541814 811 4286 45
0.08 1 0.899394 1.23898 0.473141 738 4341 55
0.08 1 0.893559 1.23314 0.487862 730 4352 63
0.08 1 0.900273 1.22964 0.463019 726 4144 55
0.08 1 0.909609 1.2623 0.53436 760 4262 48
0.08 1 0.893828 1.25414 0.488118 740 4177 62
0.08 1 0.913498 1.31246 0.546713 788 4403 49
0.08 1 0.908877 1.40461 0.530193 869 4368 48
0.08 1 0.904538 1.23198 0.531517 739 4195 62
0.08 1 0.895788 0.98587 0.472605 529 4498 48
0.08 1 0.897466 1.26813 0.522111 752 4111 60
0.08 1 0.904024 1.22265 0.467859 739 4393 54
0.08 1 0.905042 1.23315 0.501685 737 4269 59
0.08 1 0.895424 1.27747 0.462369 757 4284 60
0.08 1 0.905479 1.29613 0.536709 782 4384 47
0.08 1 0.897426 1.21798 0.48496 721 4220 68
0.08 1 0.896821 1.22265 0.475914 718 4187 60
0.08 1 0.898678 1.24014 0.497283 748 4176 53
0.08 1 0.896646 1.2693 0.553507 753 4369 58
0.08 1 0.903763 1.68687 0.530104 1092 4221 56
0.08 1 0.901546 1.24714 0.486044 741 4279 69
0.08 1 0.898341 1.23548 0.469031 735 4138 71
0.08 1 0.880548 1.2903 0.451454 764 4052 78
0.08 1 0.896431 1.01386 0.486247 555 4392 48
0.08 1 0.898579 1.39761 0.56454 852 4208 57
0.08 1 0.905912 1.21798 0.536453 727 4355 42
0.08 1 0.904558 1.51892 0.580667 961 4278 38
0.08 1 0.899295 1.25297 0.525709 741 4409 46
0.08 1 0.907538 1.60639 0.534584 1032 4310 50
0.08 1 0.901876 1.40694 0.537838 870 4270 53
0.08 1 0.893629 1.30196 0.529469 774 4234 68
0.08 1 0.894481 1.23314 0.486926 720 4160 66
0.08 1 0.894049 1.22848 0.442613 724 4097 66
0.08 1 0.906109 1.2903 0.549175 766 4387 45
0.08 1 0.908215 1.72537 0.711205 1103 4385 39
0.08 1 0.904874 1.23548 0.543326 741 4218 45
0.08 1 0.907936 1.2903 0.553298 777 4108 48
0.08 1 0.897672 0.953208 0.442423 517 4393 52
0.08 1 0.890558 1.34395 0.52734 809 4425 58
0.08 1 0.903579 1.36378 0.536481 839 4217 55
0.08 1 0.894233 1.23781 0.491795 740 4307 64
0.08 1 0.899455 1.29029 0.498519 764 4088 57
0.08 1 0.898031 1.23781 0.487071 729 4286 56
0.08 1 0.900469 1.23781 0.461629 747 4327 60
0.08 1 0.897772 0.9742 0.485628 525 4352 48
0.08 1 0.900078 1.23781 0.482053 736 4348 58
0.08 1 0.889949 1.24014 0.47286 732 4270 70
0.08 1 0.894337 1.38711 0.475968 842 4097 61
0.08 1 0.905479 1.2518 0.529389 750 4327 58
0.08 1 0.897131 1.33928 0.533379 826 4381 53
0.08 1 0.899922 1.36611 0.521697 820 4425 52
0.08 1 0.902935 1.7382 0.590028 1110 4252 62
0.08 1 0.900881 1.04302 0.492845 576 4457 43
0.08 1 0.889408 1.23664 0.48032 732 4312 51
0.08 1 0.90039 1.24014 0.518237 738 4188 57
0.08 1 0.89617 1.21564 0.513348 725 4226 60
0.08 1 0.885593 1.23198 0.483508 729 4077 58
0.08 1 0.890856 1.54574 0.512712 967 4247 55
0.08 1 0.912404 1.33929 0.560498 832 4333 48
0.08 1 0.895435 1.25647 0.5134 749 4388 54
0.08 1 0.900489 1.22382 0.521617 731 4351 65
0.08 1 0.902018 1.21564 0.512649 719 4281 56
0.08 1 0.899785 1.38128 0.535297 853 4412 48
0.08 1 0.900959 1.4466 0.515487 896 4183 52
0.08 1 0.905302 1.18065 0.485697 685 4264 53
0.08 1 0.901601 1.22731 0.52017 741 4253 53
0.08 1 0.891029 1.3043 0.530167 785 4191 58
0.08 1 0.898454 1.22148 0.497648 732 4473 54
0.08 1 0.893771 1.23197 0.464746 737 4278 49
0.08 1 0.899452 1.26114 0.535869 750 4375 54
0.08 1 0.896431 1.21798 0.519601 727 4409 46
0.08 1 0.893385 1.22264 0.509825 728 4348 47
0.08 1 0.894798 1.27163 0.482524 751 4365 51
0.08 1 0.892065 1.24598 0.486313 732 4228 51
0.08 1 0.907804 1.26347 0.59923 753 4577 33
0.08 1 0.908163 1.23081 0.485275 749 4373 50
0.08 1 0.90002 1.26464 0.529041 751 4210 59
0.08 1 0.904464 1.23431 0.520632 728 4257 48
0.08 1 0.898531 1.39411 0.551535 855 4494 38
0.08 1 0.896081 1.23314 0.489888 731 4315 67
0.08 1 0.909626 1.38711 0.580539 844 4369 48
0.08 1 0.902726 1.24014 0.490109 742 4377 53
0.08 1 0.878963 1.23198 0.453954 708 4068 72
0.08 1 0.903794 1.25298 0.542953 756 4322 49
0.08 1 0.895813 1.23197 0.474222 731 4193 56
0.08 1 0.898322 1.32296 0.472998 799 4060 58
0.08 1 0.903534 1.38944 0.55099 861 4240 49
0.08 1 0.904976 1.21448 0.479081 729 4301 44
0.08 1 0.900841 1.23548 0.471117 743 4415 52
0.08 1 0.899609 1.59939 0.561193 993 4373 51
0.08 1 0.900432 1.24947 0.498954 755 4462 54
0.08 1 0.900961 1.28913 0.545652 764 4468 34
0.08 1 0.894573 1.2868 0.512333 768 4289 52
0.08 1 0.900216 1.22381 0.511971 737 4468 45
0.08 1 0.902195 1.15616 0.498501 669 4386 57
0.08 1 0.896964 1.35561 0.51574 819 4350 55
0.08 1 0.897456 1.22848 0.49917 736 4405 56
0.08 1 0.895955 1.33462 0.485763 811 4195 70
0.08 1 0.898633 1.25181 0.523359 750 4306 64
0.08 1 0.900839 1.43144 0.531877 897 4334 44
0.08 1 0.891855 1.45126 0.536037 889 4255 56
0.08 1 0.89317 1.24364 0.478714 737 4230 56
0.08 1 0.897741 1.24598 0.492906 733 4239 46
0.08 1 0.89351 1.22964 0.466341 730 4150 68
0.08 1 0.900118 1.25881 0.517469 762 4444 40
0.08 1 0.906502 1.31013 0.580955 791 4492 41
0.08 1 0.905461 1.40927 0.613137 873 4474 40
0.08 1 0.895455 1.23548 0.478427 735 4247 56
0.08 1 0.89778 1.34629 0.471455 821 4086 64
0.08 1 0.904241 1.31013 0.543365 787 4348 31
0.08 1 0.893981 1.23314 0.453869 729 4181 60
0.08 1 0.888307 1.24364 0.476423 738 4233 68
0.08 1 0.903593 1.22615 0.516495 743 4384 54
0.08 1 0.883999 0.9882 0.453049 532 4247 54
0.08 1 0.893679 1.22731 0.489126 733 4317 52
0.08 1 0.887878 1.23315 0.516521 719 4175 60
0.08 1 0.899258 1.31829 0.562491 799 4362 64
0.08 1 0.901256 1.59006 0.556406 1012 4260 65
0.08 1 0.89258 1.21448 0.456068 708 4166 58
0.08 1 0.887727 1.28097 0.476157 760 4174 70
0.08 1 0.904295 1.22031 0.491467 734 4264 51
0.08 1 0.886807 1.2868 0.457622 764 4082 73
0.08 1 0.897561 1.38011 0.52821 832 4063 66
0.08 1 0.906936 1.27746 0.48081 770 4293 63
0.08 1 0.899158 1.31713 0.53442 781 4358 55
0.08 1 0.891529 1.37545 0.564883 839 4344 57
0.08 1 0.892029 1.27164 0.520188 756 4338 56
0.08 1 0.894265 1.28214 0.469979 767 4326 59
0.08 1 0.896122 1.22848 0.457134 726 4180 76
0.08 1 0.895882 1.39411 0.49723 846 4308 63
0.08 1 0.905145 1.43493 0.572121 903 4423 46
0.08 1 0.903447 1.34395 0.492845 821 4354 57
0.08 1 0.909216 1.64838 0.517363 1065 4351 60
0.08 1 0.901213 1.22615 0.45852 729 4310 66
0.08 1 0.902905 1.24247 0.509609 739 4183 54
0.08 1 0.905746 1.80235 0.624768 1164 4489 50
0.08 1 0.907219 1.31246 0.561177 800 4362 52
0.08 1 0.895519 1.31712 0.509592 802 4341 62
0.08 1 0.896673 1.2728 0.545504 748 4344 47
0.08 1 0.910377 1.31363 0.564749 789 4327 45
0.08 1 0.905852 1.38477 0.598944 849 4333 42
0.08 1 0.889776 1.01619 0.464964 566 4359 56
0.08 1 0.889729 0.962538 0.441861 517 4161 58
0.08 1 0.898653 1.24481 0.462666 732 4154 61
0.08 1 0.889733 1.24714 0.490432 740 4356 57
0.08 1 0.89165 1.22847 0.494486 726 4232 65
0.08 1 0.910714 1.53874 0.571356 972 4464 48
0.08 1 0.901345 1.23665 0.524042 736 4361 50
0.08 1 0.90408 1.44193 0.566814 882 4385 50
0.08 1 0.885902 1.24714 0.45741 737 4155 69
0.08 1 0.89865 1.30663 0.558815 775 4451 47
0.08 1 0.890689 1.54574 0.594843 968 4328 49
0.08 1 0.901483 1.22615 0.509702 737 4171 44
0.08 1 0.892746 1.38711 0.555541 853 4410 54
